0,36,THING2000-03-03,23,26.707,58.4692
1,35,THING2009-02-13,13,5.7342,77.7941
2,7,THING2010-08-27,25,95.4395,48.0409
3,59,THING2008-04-21,27,62.1536,22.8547
4,55,THING2014-04-28,3,79.5773,13.8257
5,36,THING2009-10-05,25,65.7642,16.3164
6,44,THING2013-05-16,8,77.9479,49.7994
7,56,THING2004-01-05,16,60.9752,1.4178
8,89,THING2002-03-21,12,38.4476,10.8812
9,89,THING1999-10-27,24,35.8058,96.2502
10,60,THING2008-01-08,17,3.1527,22.9521
11,12,THING2006-04-13,18,15.0627,62.263
12,9,THING2006-03-23,27,98.2032,70.4104
13,87,THING2006-04-06,7,58.1478,23.4493
14,23,THING2017-11-25,17,1.4009,33.0601
15,96,THING2011-01-14,1,57.3859,66.9057
16,38,THING1999-03-19,15,96.5513,12.8529
17,67,THING2007-11-15,21,81.1992,26.9481
18,46,THING2010-02-13,19,18.6799,79.045
19,31,THING2000-10-24,13,19.0943,76.8344
