0	91	THING2005-02-24	6	25.1902	33.6095
1	32	THING2012-10-16	26	29.5678	41.1922
2	60	THING2015-03-14	15	0.7232	35.0772
3	2	THING2016-09-05	2	98.7758	99.2944
4	12	THING2016-08-11	7	85.1085	85.4689
5	21	THING2005-04-21	13	65.7717	35.9629
6	98	THING2007-08-28	2	51.8899	12.8435
7	99	THING2012-08-17	13	35.8862	26.339
8	37	THING2004-10-18	4	93.3267	4.5589
9	80	THING2016-06-08	26	66.426	8.391
10	9	THING1999-05-17	19	1.0807	50.3205
11	1	THING2004-08-21	28	45.065	87.6026
12	25	THING2009-05-17	19	28.708	52.5303
13	26	THING2001-04-11	22	77.2859	61.1856
14	28	THING2011-06-12	29	34.6629	10.4396
15	97	THING2000-06-01	20	47.2776	55.2654
16	79	THING1999-09-05	4	53.1493	24.1616
17	62	THING2015-08-03	29	26.6063	61.8682
18	70	THING2007-11-18	21	67.6936	55.7701
19	89	THING2013-04-12	2	31.3179	99.9405
